0.1161 0 1
1.0681 0 0
1.3003 1 1
1.5325 1 0
1.7647 1 0
1.9969 1 0
2.2407 0 1
2.4729 0 0
2.7051 1 1
2.9373 1 0
3.1695 0 1
3.4017 1 1
4.1099 1 0
4.3421 1 0
4.5743 1 0
4.8065 1 0
5.0503 0 1
5.5147 0 0
5.7469 1 1
5.9791 1 0
6.2229 0 1
6.6873 1 1
6.9195 1 0
7.3956 0 1
7.6278 0 0
7.8600 1 1
8.0922 1 0
8.3244 1 0
8.5566 1 0
9.2648 1 0
9.7292 1 0
9.9614 1 0
10.2052 0 1
11.6100 1 1
11.8422 1 0
13.0148 1 0
13.2470 1 0
13.4792 1 0
13.7230 1 0
14.1874 1 0
14.4196 1 0
15.1278 0 1
16.7764 0 0
17.2408 0 0
17.4730 0 0
17.7052 0 0
18.1696 0 0
18.4134 1 1
18.8778 0 1
19.1100 0 0
19.3538 0 0
19.5860 0 0
20.0504 0 0
20.5148 0 0
20.7470 0 0
20.9792 0 0
21.2230 0 0
21.4552 0 0
21.9196 0 0
22.3956 0 0
22.8600 0 0
23.3361 0 0
23.8005 0 0
24.2649 0 0
24.7293 0 0
24.9731 0 0
25.2053 0 0
25.4375 0 0
25.6697 0 0
25.9135 0 0
26.1341 0 0
26.3779 0 0
26.6101 0 0
27.0861 0 0
27.5505 0 0
28.0149 0 0
28.4793 0 0
28.7231 0 0
28.9553 0 0
29.4313 0 0
32.4731 0 0
32.7053 0 0
32.9375 0 0
33.6457 0 0
33.8779 0 0
34.1101 1 1
34.3423 0 1
34.8183 0 0
35.0505 0 0
35.2827 0 0
35.5149 1 1
35.7471 0 1
35.9909 0 0
36.2115 0 0
36.4553 0 0
36.6875 0 0
36.9313 0 0
37.3957 0 0
37.6279 0 0
37.8601 0 0
38.0923 0 0
38.3361 0 0
38.5683 0 0
38.8005 0 0
39.2649 0 0
39.5088 0 0
39.7410 0 0
39.9732 0 0
41.1458 0 0
41.3780 0 0
41.6102 0 0
46.7534 0 0
46.9972 0 0
47.2410 0 0
48.2859 0 0
48.6458 0 0
48.8780 0 0
49.1102 0 0
49.3424 0 0
49.5746 0 0
49.8068 0 0
50.1667 0 0
50.5150 0 0
50.7472 0 0
50.9910 0 0
51.3741 0 0
52.0359 0 0
52.3958 0 0
52.6280 0 0
52.8602 0 0
53.0924 0 0
53.3246 0 0
53.5684 0 0
53.8006 0 0
54.2650 0 0
54.4972 0 0
54.7410 0 0
55.7859 0 0
56.1459 0 0
56.3780 0 0
56.6102 0 0
56.8424 0 0
57.0746 0 0
57.3068 0 0
57.6668 0 0
58.0151 0 0
58.2473 0 0
58.4911 0 0
58.8742 0 0
59.5360 0 0
59.8959 0 0
60.1281 0 0
60.3603 0 0
60.5925 1 1
60.8247 1 0
61.0685 0 1
61.3007 1 1
61.7651 0 1
61.9973 0 0
62.2411 0 0
63.2860 0 0
63.6459 0 0
63.8781 0 0
64.1103 0 0
64.3425 0 0
64.5863 0 0
64.8185 0 0
65.1668 0 0
65.5151 0 0
65.7473 0 0
65.9911 0 0
67.0360 0 0
67.3959 0 0
67.6281 0 0
67.8603 0 0
68.0925 0 0
68.3247 0 0
68.5685 0 0
68.8007 0 0
69.2651 0 0
69.4973 0 0
69.7411 0 0
70.7860 0 0
71.1459 0 0
71.3781 0 0
71.6103 0 0
71.8425 0 0
72.0863 0 0
72.3185 0 0
72.6668 0 0
73.0151 0 0
73.2473 0 0
73.4912 0 0
74.4316 0 0
74.8960 0 0
75.1282 0 0
75.3604 0 0
75.8248 0 0
76.0686 0 0
76.3008 0 0
76.7652 0 0
76.9974 0 0
79.3426 1 1
79.5748 1 0
79.8070 1 0
80.0508 1 0
80.2830 1 0
80.5152 1 0
80.7474 1 0
80.9796 1 0
81.2118 1 0
81.4556 1 0
81.6878 1 0
81.9200 0 1
82.1522 1 1
82.3844 1 0
82.6282 1 0
82.8604 1 0
83.0926 1 0
83.3248 1 0
83.5686 1 0
83.8008 1 0
84.0330 1 0
84.4974 0 1
84.7412 0 0
84.9734 0 0
85.2056 0 0
85.6700 0 0
86.1460 1 1
86.3782 1 0
86.6104 1 0
86.8426 1 0
87.0748 1 0
87.3070 1 0
87.5508 0 1
88.0152 1 1
88.2474 1 0
88.4796 1 0
88.7118 1 0
88.9556 1 0
89.1878 1 0
89.4200 1 0
89.8844 1 0
90.1283 1 0
90.3605 0 1
90.5927 0 0
90.8249 1 1
91.0571 1 0
91.3009 0 1
91.7653 1 1
91.9975 1 0
92.2413 0 1
92.4619 1 1
92.7057 1 0
92.9379 1 0
93.1701 1 0
93.6345 1 0
93.8783 1 0
94.1105 1 0
94.3427 0 1
94.5749 1 1
94.8071 1 0
95.0509 1 0
95.5153 1 0
95.7475 1 0
95.9797 1 0
96.2119 1 0
96.4557 1 0
96.6879 1 0
96.9201 1 0
97.3845 1 0
97.6283 1 0
97.8605 1 0
98.0927 1 0
98.3249 1 0
98.5571 1 0
98.8009 0 1
99.2653 0 0
99.4975 0 0
99.7413 0 0
99.9619 0 0
100.2057 0 0
100.4379 0 0
100.6701 0 0
100.9023 0 0
101.1461 0 0
101.3783 0 0
101.6105 0 0
101.8427 0 0
102.0865 0 0
102.3071 0 0
102.5509 0 0
102.7831 0 0
103.0153 0 0
103.2475 0 0
103.4913 0 0
103.7119 0 0
103.9557 0 0
104.1879 0 0
104.4201 0 0
104.8845 0 0
105.1283 0 0
105.3605 0 0
105.5927 0 0
105.8366 0 0
106.0571 0 0
106.3010 0 0
106.7654 0 0
106.9976 0 0
107.2414 0 0
107.4620 0 0
107.7058 0 0
107.9380 0 0
108.1702 0 0
108.4024 0 0
108.6462 0 0
108.8784 0 0
109.1106 0 0
109.3428 0 0
109.5866 0 0
109.8072 0 0
110.0510 0 0
110.5154 0 0
110.7476 0 0
110.9914 0 0
111.2120 0 0
111.4558 0 0
111.6880 0 0
111.9202 0 0
112.3962 0 0
112.6284 0 0
112.8606 0 0
113.0928 0 0
113.3366 0 0
113.5572 0 0
113.8010 0 0
114.9736 0 0
115.4380 0 0
115.7863 0 0
116.1462 0 0
116.3784 0 0
116.6106 0 0
116.8428 0 0
117.0750 0 0
117.3072 0 0
117.5510 0 0
118.0154 0 0
118.2476 0 0
118.4914 0 0
118.7120 0 0
118.9558 0 0
119.1880 0 0
119.5363 0 0
119.8846 0 0
120.1284 0 0
120.3606 0 0
120.5928 0 0
120.8250 0 0
121.0572 0 0
121.3010 0 0
121.7654 0 0
121.9976 0 0
122.4620 0 0
122.7059 0 0
122.9380 0 0
123.1702 0 0
123.6346 0 0
123.8785 0 0
124.1107 0 0
124.3429 0 0
124.5751 0 0
124.8073 0 0
125.0511 0 0
125.5155 0 0
125.7477 0 0
125.9915 0 0
126.2121 0 0
126.4559 0 0
126.6881 0 0
127.0364 0 0
127.3963 0 0
127.6285 0 0
127.8607 0 0
128.0929 0 0
136.9977 0 0
140.7478 1 1
140.9800 1 0
141.4560 0 1
141.6882 0 0
142.0365 1 1
142.3848 1 0
142.6286 0 1
143.0930 1 1
144.9738 1 0
145.4382 1 0
146.3786 0 1
146.8430 0 0
147.3074 1 1
147.6673 0 1
148.0156 0 0
148.2478 0 0
148.6077 0 0
149.1882 1 1
149.5365 0 1
150.1286 0 0
150.5930 1 1
151.0574 1 0
151.3012 0 1
151.7656 0 0
152.0094 1 1
152.3577 0 1
152.9382 0 0
153.4026 0 0
153.6464 0 0
153.8786 1 1
154.3430 0 1
154.8074 0 0
155.1673 0 0
155.5156 0 0
155.7595 0 0
156.1078 0 0
156.6883 0 0
157.0366 0 0
157.3965 0 0
157.6287 1 1
158.0931 0 1
158.5575 1 1
158.8013 0 1
159.2657 0 0
159.4979 0 0
159.9739 1 1
160.4383 1 0
160.9143 1 0
161.1465 0 1
161.3787 0 0
161.6109 0 0
161.8431 0 0
162.0869 0 0
162.3075 0 0
162.5513 0 0
163.0157 0 0
163.2479 1 1
163.4917 0 1
163.9561 0 0
164.1883 1 1
164.6527 1 0
164.8965 0 1
165.1171 0 0
165.3609 0 0
165.5931 1 1
165.8369 0 1
166.0575 1 1
166.3013 0 1
166.7657 0 0
166.9979 1 1
167.2417 0 1
167.4623 1 1
167.7061 0 1
167.9383 1 1
168.4027 1 0
168.6465 0 1
168.8671 1 1
169.3431 0 1
169.5869 0 0
169.8075 0 0
170.0513 0 0
170.5157 0 0
170.7479 1 1
170.9917 0 1
171.4561 0 0
171.9205 0 0
172.1527 1 1
172.3966 0 1
172.6171 0 0
172.8610 0 0
173.0932 1 1
173.3370 0 1
173.5576 1 1
173.8014 0 1
176.1466 0 0
176.3788 0 0
176.6110 0 0
176.8432 0 0
177.2379 0 0
177.5514 1 1
178.0158 0 1
178.2480 0 0
178.4802 0 0
178.7240 0 0
178.8749 0 0
179.4206 1 1
179.8850 0 1
180.1288 0 0
180.3610 0 0
181.3014 1 1
181.7658 0 1
181.9980 0 0
184.1110 0 0
184.3432 0 0
184.5754 0 0
184.8192 0 0
185.0514 0 0
185.2836 0 0
185.5158 0 0
185.7480 0 0
185.9918 0 0
187.3966 0 0
188.3254 1 1
188.8015 2 1
189.0337 1 1
189.9624 1 0
190.4268 1 0
190.6242 1 0
190.9029 0 1
191.3673 0 0
191.6111 0 0
192.6676 0 0
193.0275 0 0
193.4919 0 0
193.9563 0 0
194.1885 0 0
194.5484 0 0
194.8967 0 0
195.1289 0 0
195.3611 0 0
195.9880 0 0
196.4176 0 0
196.7659 0 0
196.9981 0 0
197.2303 0 0
197.4625 0 0
197.7063 0 0
197.9385 0 0
198.1823 0 0
198.6467 0 0
198.8789 0 0
199.1111 0 0
199.7380 0 0
200.1676 0 0
200.5159 0 0
200.9919 0 0
201.4563 0 0
201.6885 0 0
202.0484 0 0
202.3967 0 0
202.6289 0 0
202.8611 0 0
203.4881 0 0
203.9176 0 0
204.2659 0 0
204.5098 0 0
204.7420 1 1
205.2063 1 0
205.4385 0 1
205.6707 0 0
206.1468 0 0
206.3790 0 0
206.6112 0 0
207.6677 0 0
208.0160 0 0
208.2482 0 0
208.4920 0 0
208.9564 0 0
209.1886 0 0
209.8968 0 0
210.1290 0 0
210.3612 0 0
211.3016 0 0
211.7660 0 0
211.9982 0 0
212.2304 0 0
212.7064 0 0
212.9386 0 0
213.1708 0 0
213.6468 0 0
213.8790 0 0
214.1112 0 0
215.1677 0 0
215.5160 0 0
215.7482 0 0
215.9920 0 0
216.4564 0 0
216.6886 0 0
217.3968 0 0
217.6290 0 0
217.8612 0 0
218.9177 0 0
219.2660 0 0
219.7420 0 0
220.2064 0 0
223.4921 1 1
223.9565 1 0
224.4209 1 0
224.8969 1 0
225.3613 1 0
225.8257 1 0
226.3017 1 0
226.7661 1 0
227.2305 1 0
227.7065 1 0
228.0548 1 0
228.7630 1 0
228.9952 1 0
229.4596 1 0
230.0517 1 0
230.4000 1 0
230.8644 1 0
231.3404 1 0
231.9209 1 0