28.3793 1 1 0.0000
28.6811 1 0 0.0000
28.9830 1 0 0.0000
29.2849 1 1 0.0000
29.5867 1 1 0.0000
29.8886 1 0 0.0000
30.1904 1 3 0.0000
30.7941 2 1 0.0000
31.0960 2 0 0.0000
31.3979 2 0 0.0000
31.6997 2 1 0.0000
32.0016 2 4 0.0000
32.3034 1 0 0.0000
32.6053 1 0 0.0000
32.9072 1 1 0.0000
33.2090 1 1 0.0000
33.5109 1 0 0.0000
33.8127 1 4 0.0000
34.4165 0 1 0.0000
34.7183 0 0 0.0000
35.0202 0 0 0.0000
35.3220 0 1 0.0000
35.6239 1 3 0.0000
35.9258 2 0 0.0000
36.2276 2 4 0.0000
36.5295 1 1 0.0000
36.8313 1 1 0.0000
37.1332 1 4 0.0000
37.4351 0 0 0.0000
37.7369 0 3 0.0000
38.0388 1 1 0.0000
38.3406 1 4 0.0000
38.6425 0 0 0.0000
38.9444 0 3 0.0000
39.2462 1 1 0.0000
39.5481 1 4 0.0000
39.8499 0 0 0.0000
40.1518 0 3 0.0000
40.4537 1 1 0.0000
40.7555 1 4 0.0000
41.0574 0 0 0.0000
41.3592 0 3 0.0000
41.6611 1 1 0.0000
41.9629 1 4 0.0000
42.2648 0 0 0.0000
42.5667 0 3 0.0000
42.8685 1 1 0.0000
43.1704 1 4 0.0000
43.4722 0 0 0.0000
43.7741 0 3 0.0000
44.0760 1 1 0.0000
44.3778 1 4 0.0000
44.6797 0 0 0.0000
44.9815 0 3 0.0000
45.2834 1 1 0.0000
45.5853 1 4 0.0000
45.8871 0 0 0.0000
46.1890 0 3 0.0000
46.4908 1 1 0.0000
46.7927 1 4 0.0000
47.0946 0 0 0.0000
47.3964 0 3 0.0000
47.6983 1 1 0.0000
48.0001 1 4 0.0000
48.3020 0 0 0.0000
48.6039 0 3 0.0000
48.9057 1 1 0.0000
49.2076 1 4 0.0000
49.5094 0 0 0.0000
49.8113 0 3 0.0000
50.1132 1 1 0.0000
50.4150 1 4 0.0000
50.7169 0 0 0.0000
51.0187 0 3 0.0000
51.3206 1 1 0.0000
52.5280 1 0 0.0000
53.1317 1 1 0.0000
53.7355 1 1 0.0000
54.9429 1 0 0.0000
55.5466 1 3 0.0000
56.1503 2 1 0.0000
57.3578 2 0 0.0000
57.9615 2 1 0.0000
58.5652 2 1 0.0000
59.7727 2 0 0.0000
60.3764 2 1 0.0000
60.9801 2 1 0.0000
62.1875 2 0 0.0000
62.7912 2 1 0.0000
63.3950 2 1 0.0000
64.6024 2 0 0.0000
65.2061 2 4 0.0000
65.8098 1 1 0.0000
67.0173 1 0 0.0000
67.6210 1 1 0.0000
68.2247 1 1 0.0000
69.4322 1 0 0.0000
70.0359 1 1 0.0000
70.6396 1 1 0.0000
71.8470 1 4 0.0000
72.1489 0 0 0.0000
72.4507 0 0 0.0000
72.7526 0 3 0.0000
73.0545 1 1 0.0000
73.3563 1 1 0.0000
73.6582 1 4 0.0000
73.9600 0 1 0.0000
74.2619 0 3 0.0000
74.5638 1 0 0.0000
74.8656 1 0 0.0000
75.1675 1 1 0.0000
75.4693 1 4 0.0000
75.7712 0 0 0.0000
76.0731 0 3 0.0000
76.3749 1 1 0.0000
76.6768 1 4 0.0000
76.9786 0 0 0.0000
77.2805 0 3 0.0000
77.5824 1 0 0.0000
77.8842 1 1 0.0000
78.1861 1 3 0.0000
78.4879 1 1 0.0000
79.6954 1 0 0.0000
80.2991 1 1 0.0000
80.9028 1 1 0.0000
82.1102 1 0 0.0000
82.7140 1 4 0.0000
83.3177 0 1 0.0000
84.5251 0 0 0.0000
85.1288 0 1 0.0000
85.7326 0 1 0.0000
86.9400 0 0 0.0000
87.5437 0 2 0.6037
89.3549 0 0 0.0000
89.9586 0 1 0.0000
90.5623 0 1 0.0000
91.7698 0 0 0.0000
92.3735 0 3 0.0000
92.9772 1 1 0.0000
94.1846 1 0 0.0000
94.7883 1 1 0.0000
95.3921 1 1 0.0000
96.5995 1 0 0.0000
97.2032 1 4 0.0000
97.8069 1 1 0.0000
98.1088 1 1 0.0000
98.4107 1 4 0.0000
98.7125 0 1 0.0000
99.0144 0 1 0.0000
99.3162 0 1 0.0000
99.6181 0 0 0.0000
99.9200 0 1 0.0000
100.2218 0 3 0.0000
100.5237 1 0 0.0000
100.8255 1 0 0.0000
101.1274 1 1 0.0000
101.4293 1 1 0.0000
101.7311 1 0 0.0000
102.0330 1 4 0.0000
102.3348 0 1 0.0000
102.6367 0 1 0.0000
102.9385 0 1 0.0000
103.2404 0 0 0.0000
103.5423 0 1 0.0000
103.8441 1 3 0.0000
104.1460 2 0 0.0000
104.4478 2 4 0.0000
104.7497 1 1 0.0000
105.0516 1 1 0.0000
105.3534 1 0 0.0000
105.6553 1 4 0.0000
105.9571 0 1 0.0000
106.2590 1 1 0.0000
107.4664 1 0 0.0000
108.0702 1 1 0.0000
108.6739 1 1 0.0000
109.8813 1 0 0.0000
110.4850 1 4 0.0000
111.0888 0 1 0.0000
112.2962 0 0 0.0000
112.8999 0 1 0.0000
113.5036 0 1 0.0000
114.7111 0 0 0.0000
115.3148 0 1 0.0000
115.9185 0 1 0.0000
117.1259 0 0 0.0000
117.7297 0 1 0.0000
118.3334 0 1 0.0000
119.5408 0 3 0.0000
120.1445 1 1 0.0000
120.7483 1 3 0.0000
121.0501 2 0 0.0000
121.3520 2 4 0.0000
121.6538 1 0 0.0000
121.9557 1 1 0.0000
122.2576 1 0 0.0000
122.5594 1 0 0.0000
122.8613 1 4 0.0000
123.1631 0 1 0.0000
123.4650 0 0 0.0000
123.7668 1 4 0.0000
124.9743 0 0 0.0000
125.5780 0 1 0.0000
126.1817 0 1 0.0000
127.3892 0 0 0.0000
127.9929 0 3 0.0000
128.5966 1 1 0.0000
146.1044 1 4 0.0000
146.4063 0 0 0.0000
146.7082 0 0 0.0000
147.0100 0 3 0.0000
147.3119 1 1 0.0000
147.6137 1 4 0.0000
147.9156 0 0 0.0000
148.2175 0 1 0.0000
148.5193 0 1 0.0000
148.8212 0 3 0.0000
149.1230 1 0 0.0000
149.4249 1 4 0.0000
149.7268 0 1 0.0000
150.0286 0 0 0.0000
150.3305 0 0 0.0000
150.6323 0 0 0.0000
150.9342 0 1 0.0000
151.2361 0 0 0.0000
151.5379 0 0 0.0000
151.8398 0 1 0.0000
152.1416 0 3 0.0000
152.4435 1 0 0.0000
152.7454 1 4 0.0000
153.0472 0 1 0.0000
153.3491 0 1 0.0000
153.6509 0 0 0.0000
153.9528 0 0 0.0000
154.2546 0 3 0.0000
154.5565 1 1 0.0000
154.8584 1 4 0.0000
155.1602 0 0 0.0000
155.4621 0 1 0.0000
155.7639 0 1 0.0000
156.0658 0 0 0.0000
156.3677 0 0 0.0000
156.6695 0 3 0.0000
156.9714 1 1 0.0000
157.2732 1 4 0.0000
157.5751 0 0 0.0000
157.8770 0 3 0.0000
158.1788 1 1 0.0000
158.4807 1 4 0.0000
158.7825 0 0 0.0000
159.0844 0 3 0.0000
159.3863 1 1 0.0000
159.6881 1 4 0.0000
159.9900 0 0 0.0000
160.2918 0 1 0.0000
160.5937 0 1 0.0000
160.8956 0 0 0.0000
161.1974 0 0 0.0000
161.4993 0 1 0.0000
161.8011 0 1 0.0000
162.1030 0 3 0.0000
162.4049 1 0 0.0000
162.7067 1 4 0.0000
163.0086 0 1 0.0000
163.3104 0 3 0.0000
163.6123 1 1 0.0000
163.9141 1 3 0.0000
164.2160 2 1 0.0000
164.5179 2 4 0.0000
164.8197 1 0 0.0000
165.1216 1 1 0.0000
165.4234 1 4 0.0000
165.7253 0 0 0.0000
166.0272 0 0 0.0000
166.3290 0 3 0.0000
166.6309 1 1 0.0000
166.9327 1 4 0.0000
167.2346 0 0 0.0000
167.5365 0 3 0.0000
167.8383 1 1 0.0000
168.1402 1 0 0.0000
168.4420 1 0 0.0000
168.7439 1 1 0.0000
169.0458 1 1 0.0000
169.3476 1 4 0.0000
169.6495 0 0 0.0000
169.9513 0 1 0.0000
170.2532 0 1 0.0000
170.5551 0 0 0.0000
170.8569 0 0 0.0000
171.1588 0 1 0.0000
171.4606 0 1 0.0000
171.7625 0 0 0.0000
172.0644 0 3 0.0000
172.3662 1 1 0.0000
172.6681 1 4 0.0000
172.9699 0 0 0.0000
173.2718 0 3 0.0000
173.5737 1 1 0.0000
173.8755 1 1 0.0000
174.1774 1 0 0.0000
174.4792 1 1 0.0000
174.7811 1 4 0.0000
175.0829 0 1 0.0000
175.3848 0 0 0.0000
175.6867 0 3 0.0000
175.9885 1 1 0.0000
176.2904 1 4 0.0000
176.5922 0 0 0.0000
176.8941 0 0 0.0000
177.1960 0 1 0.0000
177.4978 0 1 0.0000
177.7997 0 3 0.0000
178.1015 1 0 0.0000
178.4034 1 1 0.0000
178.7053 1 4 0.0000
179.0071 0 0 0.0000
179.3090 0 3 0.0000
179.6108 1 1 0.0000
179.9127 1 4 0.0000
180.2146 0 0 0.0000
180.5164 0 3 0.0000
180.8183 1 1 0.0000
181.1201 1 4 0.0000
181.4220 0 0 0.0000
181.7239 0 0 0.0000
182.0257 0 1 0.0000
182.3276 0 1 0.0000
182.6294 0 0 0.0000
182.9313 0 0 0.0000
183.2332 0 1 0.0000
183.5350 0 3 0.0000
183.8369 1 0 0.0000
184.1387 1 4 0.0000
184.4406 0 1 0.0000
184.7424 0 3 0.0000
185.0443 1 0 0.0000
185.3462 1 1 0.0000
186.5536 1 0 0.0000
187.1573 1 1 0.0000
187.7610 1 1 0.0000
188.9685 1 0 0.0000
189.5722 1 3 0.0000
190.1759 2 1 0.0000
191.3834 2 0 0.0000
191.9871 2 1 0.0000
192.5908 2 1 0.0000
193.7982 2 0 0.0000
194.4020 2 4 0.0000
195.0057 1 1 0.0000
196.2131 1 0 0.0000
196.8168 1 1 0.0000
197.4205 1 1 0.0000
198.6280 1 0 0.0000
199.2317 1 4 0.0000
199.8354 0 1 0.0000
201.0429 0 0 0.0000
201.6466 0 1 0.0000
202.2503 0 1 0.0000
203.4577 0 0 0.0000
204.0615 0 1 0.0000
204.6652 0 1 0.0000
205.8726 0 0 0.0000
206.4763 0 1 0.0000
207.0800 0 1 0.0000
208.2875 0 0 0.0000
208.8912 0 1 0.0000
209.4949 0 1 0.0000
210.7024 0 0 0.0000
211.3061 0 1 0.0000
211.9098 0 1 0.0000
213.1172 0 0 0.0000
213.7210 0 3 0.0000
214.3247 1 1 0.0000
215.5321 1 0 0.0000
216.1358 1 1 0.0000
216.7395 1 3 0.0000
217.0414 2 0 0.0000
217.3433 2 4 0.0000
217.6451 1 1 0.0000
217.9470 1 1 0.0000
218.2488 1 0 0.0000
218.5507 1 0 0.0000
218.8526 1 4 0.0000
219.1544 0 1 0.0000
219.4563 0 0 0.0000
219.7581 0 3 0.0000
220.0600 1 1 0.0000
220.3619 1 4 0.0000
221.5693 0 0 0.0000
222.1730 0 1 0.0000
222.7767 0 1 0.0000
223.9842 0 0 0.0000
224.5879 0 2 0.6037
226.3990 0 0 0.0000
227.0028 0 1 0.0000
227.6065 0 1 0.0000
228.8139 0 0 0.0000
229.4176 0 2 0.6037
231.2288 0 0 0.0000
231.8325 0 1 0.0000
232.4362 0 1 0.0000
233.6437 0 0 0.0000
234.2474 0 3 0.0000
234.8511 1 1 0.0000
236.0585 1 0 0.0000
236.6623 1 1 0.0000
237.2660 1 1 0.0000
238.4734 1 0 0.0000
239.0771 1 4 0.0000
239.6809 0 1 0.0000
240.8883 0 0 0.0000
241.4920 0 1 0.0000
242.0957 0 1 0.0000
243.3032 0 0 0.0000
243.9069 0 2 0.6037
245.7180 0 0 0.0000
246.3218 0 1 0.0000
246.9255 0 1 0.0000
248.1329 0 0 0.0000
248.7366 0 1 0.0000
249.3404 0 1 0.0000
250.5478 0 0 0.0000
251.1515 0 1 0.0000
251.7552 0 1 0.0000
252.9627 0 0 0.0000
253.5664 0 3 0.0000
254.1701 1 1 0.0000
255.3776 1 3 0.0000
255.6794 2 0 0.0000
255.9813 2 4 0.0000
256.2831 1 0 0.0000
256.5850 1 1 0.0000
256.8868 1 0 0.0000
257.1887 1 0 0.0000
257.4906 1 4 0.0000
257.7924 0 1 0.0000
258.0943 0 0 0.0000
258.3961 1 4 0.0000
259.6036 0 0 0.0000
260.2073 0 1 0.0000
260.8110 0 1 0.0000
262.0185 0 3 0.0000
262.6222 1 1 0.0000
