8.3882 1 0 0.0000
12.5742 1 3 0.0000
13.5045 2 0 0.0000
13.9696 2 1 0.0000
14.4347 2 1 0.0000
15.3649 2 0 0.0000
15.8301 2 4 0.0000
16.2952 1 1 0.0000
17.2254 1 0 0.0000
17.6905 1 1 0.0000
18.1556 1 1 0.0000
19.0859 1 0 0.0000
19.5510 1 3 0.0000
20.0161 2 1 0.0000
20.9463 2 0 0.0000
21.4114 2 1 0.0000
21.8766 2 1 0.0000
22.8068 2 0 0.0000
23.2719 2 2 0.4651
24.6673 2 0 0.0000
25.1324 2 1 0.0000
25.5975 2 1 0.0000
26.5277 2 0 0.0000
26.9928 2 2 0.4651
28.3882 2 0 0.0000
28.8533 2 1 0.0000
29.3184 2 1 0.0000
30.2487 2 0 0.0000
30.7138 2 4 0.0000
31.1789 1 1 0.0000
32.1091 1 0 0.0000
32.5742 1 1 0.0000
33.0394 1 1 0.0000
33.9696 1 0 0.0000
34.4347 1 3 0.0000
34.8998 2 1 0.0000
35.8301 2 0 0.0000
36.2952 2 1 0.0000
36.7603 2 1 0.0000
37.6905 2 0 0.0000
38.1556 2 1 0.0000
38.6208 2 1 0.0000
39.5510 2 0 0.0000
40.0161 2 1 0.0000
40.4812 2 1 0.0000
41.4114 2 0 0.0000
41.8766 2 4 0.0000
42.3417 1 1 0.0000
43.2719 1 0 0.0000
43.7370 1 1 0.0000
44.2021 1 1 0.0000
45.1324 1 0 0.0000
45.5975 1 3 0.0000
46.0626 2 1 0.0000
46.9928 2 4 0.0000
47.4580 1 1 0.0000
47.9231 1 4 0.0000
48.1556 0 0 0.0000
48.3882 0 0 0.0000
48.6208 0 3 0.0000
48.8533 1 0 0.0000
49.0859 1 4 0.0000
49.3184 0 0 0.0000
49.5510 0 1 0.0000
49.7835 0 0 0.0000
50.0161 0 0 0.0000
50.2487 0 0 0.0000
50.4812 0 1 0.0000
50.7138 0 0 0.0000
50.9463 0 3 0.0000
51.1789 1 0 0.0000
51.4114 1 1 0.0000
51.6440 1 4 0.0000
51.8766 0 1 0.0000
52.1091 0 0 0.0000
52.3417 0 3 0.0000
52.5742 1 1 0.0000
52.8068 1 4 0.0000
53.0394 0 0 0.0000
53.2719 0 3 0.0000
53.5045 1 0 0.0000
53.7370 1 4 0.0000
53.9696 0 0 0.0000
54.2021 0 3 0.0000
54.4347 1 0 0.0000
54.6673 1 0 0.0000
54.8998 1 4 0.0000
55.1324 0 1 0.0000
55.3649 0 0 0.0000
55.5975 0 3 0.0000
55.8301 1 0 0.0000
56.0626 1 1 0.0000
56.2952 1 4 0.0000
56.5277 0 0 0.0000
56.7603 0 0 0.0000
56.9928 0 3 0.0000
57.2254 1 0 0.0000
57.4580 1 4 0.0000
57.6905 0 0 0.0000
57.9231 0 3 0.0000
58.1556 1 1 0.0000
58.3882 1 0 0.0000
58.6208 1 4 0.0000
58.8533 0 1 0.0000
59.0859 0 3 0.0000
59.3184 1 0 0.0000
59.5510 1 4 0.0000
59.7835 0 1 0.0000
60.0161 0 3 0.0000
60.9463 1 0 0.0000
61.4114 1 1 0.0000
61.8766 1 1 0.0000
62.3417 1 4 0.0000
62.5742 0 0 0.0000
62.8068 0 0 0.0000
63.0394 0 3 0.0000
63.2719 1 1 0.0000
63.5045 1 0 0.0000
63.7370 1 4 0.0000
63.9696 0 1 0.0000
64.2021 0 1 0.0000
64.4347 0 3 0.0000
64.6673 1 0 0.0000
64.8998 1 1 0.0000
65.1324 1 4 0.0000
65.3649 0 1 0.0000
65.5975 0 0 0.0000
65.8301 0 3 0.0000
66.0626 1 1 0.0000
66.2952 1 3 0.0000
66.5277 2 0 0.0000
66.7603 2 4 0.0000
66.9928 1 1 0.0000
67.2254 1 3 0.0000
67.4580 2 0 0.0000
67.6905 2 4 0.0000
67.9231 1 1 0.0000
68.1556 1 0 0.0000
68.3882 1 4 0.0000
68.6208 0 1 0.0000
68.8533 0 1 0.0000
69.0859 0 3 0.0000
69.3184 1 0 0.0000
69.5510 1 1 0.0000
69.7835 1 1 0.0000
70.0161 1 0 0.0000
70.2487 1 0 0.0000
70.4812 1 1 0.0000
70.7138 1 1 0.0000
70.9463 1 0 0.0000
71.1789 1 3 0.0000
71.4114 2 1 0.0000
71.6440 2 4 0.0000
71.8766 1 0 0.0000
72.1091 1 4 0.0000
72.3417 0 1 0.0000
72.5742 0 3 0.0000
72.8068 1 0 0.0000
73.0394 1 4 0.0000
73.2719 0 1 0.0000
73.5045 0 3 0.0000
73.7370 1 0 0.0000
73.9696 1 0 0.0000
74.2021 1 4 0.0000
74.4347 0 1 0.0000
74.6673 0 0 0.0000
74.8998 0 3 0.0000
75.1324 1 1 0.0000
75.3649 1 4 0.0000
75.5975 0 0 0.0000
75.8301 0 0 0.0000
76.0626 0 1 0.0000
76.2952 0 3 0.0000
76.5277 1 0 0.0000
76.7603 1 0 0.0000
76.9928 1 1 0.0000
77.2254 1 3 0.0000
77.4580 2 1 0.0000
83.2719 2 1 0.0000
84.2021 2 0 0.0000
84.6673 2 1 0.0000
85.1324 2 1 0.0000
86.0626 2 0 0.0000
86.5277 2 4 0.0000
86.9928 1 1 0.0000
87.9231 1 0 0.0000
88.3882 1 1 0.0000
88.8533 1 1 0.0000
89.7835 1 0 0.0000
90.2487 1 3 0.0000
90.7138 2 1 0.0000
91.6440 2 0 0.0000
92.1091 2 1 0.0000
92.5742 2 1 0.0000
93.5045 2 0 0.0000
93.9696 2 1 0.0000
94.4347 2 1 0.0000
95.3649 2 0 0.0000
95.8301 2 1 0.0000
96.2952 2 1 0.0000
97.2254 2 0 0.0000
97.6905 2 1 0.0000
98.1556 2 1 0.0000
99.0859 2 0 0.0000
99.5510 2 1 0.0000
100.0161 2 1 0.0000
100.4812 2 4 0.0000
100.9463 1 0 0.0000
101.4114 1 3 0.0000
101.6440 2 0 0.0000
101.8766 2 4 0.0000
102.1091 1 1 0.0000
102.3417 1 1 0.0000
102.5742 1 4 0.0000
102.8068 0 0 0.0000
103.0394 0 3 0.0000
103.2719 1 1 0.0000
103.5045 1 4 0.0000
103.7370 0 0 0.0000
103.9696 0 1 0.0000
104.2021 0 1 0.0000
104.4347 0 3 0.0000
104.6673 1 0 0.0000
104.8998 1 1 0.0000
105.1324 1 1 0.0000
105.3649 1 4 0.0000
105.5975 0 0 0.0000
105.8301 0 1 0.0000
106.0626 0 3 0.0000
106.2952 1 0 0.0000
106.5277 1 0 0.0000
106.7603 1 4 0.0000
106.9928 0 1 0.0000
107.2254 0 0 0.0000
107.4580 0 3 0.0000
107.6905 1 1 0.0000
107.9231 1 1 0.0000
108.1556 1 0 0.0000
108.3882 1 0 0.0000
108.6208 1 4 0.0000
108.8533 0 1 0.0000
109.0859 0 0 0.0000
109.3184 0 3 0.0000
109.5510 1 1 0.0000
109.7835 1 1 0.0000
110.0161 1 0 0.0000
110.2487 1 3 0.0000
110.4812 2 1 0.0000
110.7138 2 4 0.0000
110.9463 1 0 0.0000
111.1789 1 3 0.0000
111.4114 2 1 0.0000
111.6440 2 1 0.0000
111.8766 2 4 0.0000
112.1091 1 1 0.0000
112.3417 1 1 0.0000
112.5742 1 1 0.0000
112.8068 1 0 0.0000
113.0394 1 3 0.0000
113.2719 2 1 0.0000
113.5045 2 4 0.0000
113.7370 1 0 0.0000
113.9696 1 3 0.0000
114.2021 2 1 0.0000
114.4347 2 4 0.0000
114.6673 1 0 0.0000
114.8998 1 0 0.0000
115.1324 1 1 0.0000
115.3649 1 4 0.0000
115.5975 0 1 0.0000
115.8301 0 3 0.0000
116.0626 1 1 0.0000
116.2952 1 4 0.0000
116.5277 0 1 0.0000
116.7603 0 3 0.0000
116.9928 1 1 0.0000
117.2254 1 4 0.0000
117.4580 0 0 0.0000
117.6905 0 3 0.0000
117.9231 1 1 0.0000
118.1556 1 4 0.0000
118.3882 0 0 0.0000
118.6208 0 3 0.0000
118.8533 1 1 0.0000
119.0859 1 4 0.0000
119.3184 0 0 0.0000
119.5510 0 3 0.0000
119.7835 1 1 0.0000
120.0161 1 4 0.0000
120.2487 0 1 0.0000
120.4812 0 3 0.0000
120.7138 1 1 0.0000
120.9463 1 4 0.0000
121.1789 0 0 0.0000
121.4114 0 3 0.0000
121.6440 1 1 0.0000
121.8766 1 4 0.0000
122.1091 0 1 0.0000
122.3417 0 3 0.0000
122.5742 1 1 0.0000
122.8068 1 4 0.0000
123.0394 0 0 0.0000
123.2719 0 3 0.0000
123.5045 1 1 0.0000
123.7370 1 4 0.0000
123.9696 0 0 0.0000
124.2021 0 3 0.0000
124.4347 1 1 0.0000
124.6673 1 4 0.0000
124.8998 0 0 0.0000
125.1324 0 3 0.0000
125.3649 1 1 0.0000
125.5975 1 4 0.0000
125.8301 0 0 0.0000
126.0626 0 3 0.0000
126.2952 1 1 0.0000
126.5277 1 4 0.0000
126.7603 0 0 0.0000
126.9928 0 3 0.0000
127.2254 1 1 0.0000
127.4580 1 4 0.0000
127.6905 0 0 0.0000
127.9231 0 3 0.0000
128.1556 1 1 0.0000
128.3882 1 4 0.0000
128.6208 0 0 0.0000
128.8533 0 3 0.0000
129.0859 1 1 0.0000
129.3184 1 1 0.0000
129.5510 1 3 0.0000
129.7835 2 1 0.0000
130.7138 2 4 0.0000
137.2254 1 3 0.0000
138.1556 2 0 0.0000
138.6208 2 1 0.0000
139.0859 2 1 0.0000
140.0161 2 0 0.0000
140.4812 2 4 0.0000
140.9463 1 1 0.0000
141.8766 1 0 0.0000
142.3417 1 1 0.0000
142.8068 1 1 0.0000
143.7370 1 0 0.0000
144.2021 1 1 0.0000
144.6673 1 1 0.0000
145.5975 1 0 0.0000
146.0626 1 1 0.0000
146.5277 1 1 0.0000
147.4580 1 0 0.0000
147.9231 1 1 0.0000
148.3882 1 1 0.0000
149.3184 1 0 0.0000
149.7835 1 1 0.0000
150.2487 1 1 0.0000
151.1789 1 0 0.0000
151.6440 1 4 0.0000
152.1091 0 1 0.0000
153.0394 0 0 0.0000
153.5045 0 1 0.0000
153.9696 0 1 0.0000
154.8998 0 0 0.0000
155.3649 0 3 0.0000
155.8301 1 1 0.0000
156.7603 1 0 0.0000
157.2254 1 1 0.0000
157.6905 1 1 0.0000
158.6208 1 0 0.0000
159.0859 1 1 0.0000
159.5510 1 1 0.0000
159.7835 1 1 0.0000
160.0161 1 3 0.0000
160.2487 2 0 0.0000
160.4812 2 0 0.0000
160.7138 2 1 0.0000
160.9463 2 1 0.0000
161.1789 2 0 0.0000
161.4114 2 0 0.0000
161.6440 2 1 0.0000
161.8766 2 4 0.0000
162.1091 1 0 0.0000
162.3417 1 0 0.0000
162.5742 1 1 0.0000
162.8068 1 1 0.0000
163.0394 1 0 0.0000
163.2719 1 0 0.0000
163.5045 1 1 0.0000
163.7370 1 1 0.0000
163.9696 1 0 0.0000
164.2021 1 0 0.0000
164.4347 1 1 0.0000
164.6673 1 1 0.0000
164.8998 1 0 0.0000
165.1324 1 0 0.0000
165.3649 1 1 0.0000
165.5975 1 1 0.0000
165.8301 1 0 0.0000
166.0626 1 4 0.0000
166.2952 0 1 0.0000
166.5277 0 1 0.0000
166.9928 0 3 0.0000
167.2254 1 1 0.0000
167.4580 1 1 0.0000
167.6905 1 0 0.0000
167.9231 1 1 0.0000
168.1556 1 1 0.0000
168.3882 1 1 0.0000
168.6208 1 0 0.0000
168.8533 1 1 0.0000
169.0859 1 1 0.0000
169.3184 1 1 0.0000
169.5510 1 0 0.0000
169.7835 1 3 0.0000
170.0161 2 1 0.0000
170.2487 2 1 0.0000
170.4812 2 1 0.0000
170.7138 2 1 0.0000
170.9463 2 1 0.0000
171.1789 2 4 0.0000
171.4114 1 0 0.0000
171.6440 1 1 0.0000
171.8766 1 1 0.0000
172.1091 1 3 0.0000
172.3417 2 0 0.0000
172.5742 2 1 0.0000
172.8068 2 1 0.0000
173.0394 2 1 0.0000
173.2719 2 0 0.0000
173.5045 2 2 0.4651
174.4347 2 4 0.0000
174.6673 1 1 0.0000
174.8998 1 1 0.0000
175.1324 1 1 0.0000
175.3649 1 3 0.0000
176.2952 2 0 0.0000
176.7603 2 1 0.0000
177.2254 2 1 0.0000
178.1556 2 0 0.0000
178.6208 2 1 0.0000
179.0859 2 1 0.0000
180.0161 2 0 0.0000
180.4812 2 1 0.0000
180.9463 2 1 0.0000
181.8766 2 0 0.0000
182.3417 2 1 0.0000
182.8068 2 1 0.0000
183.7370 2 0 0.0000
184.2021 2 1 0.0000
184.6673 2 1 0.0000
185.5975 2 0 0.0000
186.0626 2 4 0.0000
186.5277 1 1 0.0000
187.4580 1 0 0.0000
187.9231 1 1 0.0000
188.3882 1 1 0.0000
189.3184 1 0 0.0000
189.7835 1 3 0.0000
190.2487 2 1 0.0000
191.1789 2 4 0.0000
191.6440 1 1 0.0000
192.1091 1 3 0.0000
192.3417 2 0 0.0000
192.5742 2 4 0.0000
192.8068 1 1 0.0000
193.0394 1 1 0.0000
193.2719 1 4 0.0000
193.5045 0 0 0.0000
193.7370 0 1 0.0000
193.9696 0 1 0.0000
194.2021 0 0 0.0000
194.4347 0 3 0.0000
194.6673 1 1 0.0000
194.8998 1 4 0.0000
195.1324 0 0 0.0000
195.3649 0 3 0.0000
195.5975 1 1 0.0000
195.8301 1 1 0.0000
196.0626 1 4 0.0000
196.2952 0 1 0.0000
196.5277 0 1 0.0000
196.7603 0 3 0.0000
196.9928 1 0 0.0000
197.2254 1 4 0.0000
197.4580 0 1 0.0000
197.6905 0 3 0.0000
197.9231 1 0 0.0000
198.1556 1 0 0.0000
198.3882 1 4 0.0000
198.6208 0 1 0.0000
198.8533 0 0 0.0000
199.0859 0 3 0.0000
199.3184 1 1 0.0000
199.5510 1 1 0.0000
199.7835 1 4 0.0000
200.0161 0 0 0.0000
200.2487 0 1 0.0000
200.4812 0 3 0.0000
200.7138 1 0 0.0000
200.9463 1 0 0.0000
201.1789 1 4 0.0000
201.4114 0 1 0.0000
201.6440 0 0 0.0000
201.8766 0 3 0.0000
202.1091 1 0 0.0000
202.3417 1 1 0.0000
202.5742 1 4 0.0000
202.8068 0 0 0.0000
203.0394 0 0 0.0000
203.2719 0 3 0.0000
203.5045 1 0 0.0000
203.7370 1 3 0.0000
203.9696 2 1 0.0000
204.2021 2 4 0.0000
205.1324 1 0 0.0000
205.5975 1 1 0.0000
206.0626 1 1 0.0000
206.5277 1 3 0.0000
206.7603 2 0 0.0000
206.9928 2 4 0.0000
207.2254 1 1 0.0000
207.4580 1 1 0.0000
207.6905 1 4 0.0000
207.9231 0 0 0.0000
208.1556 0 1 0.0000
208.3882 0 3 0.0000
208.6208 1 0 0.0000
208.8533 1 0 0.0000
209.0859 1 4 0.0000
209.3184 0 1 0.0000
209.5510 0 0 0.0000
209.7835 0 3 0.0000
210.0161 1 1 0.0000
210.2487 1 1 0.0000
210.4812 1 4 0.0000
210.7138 0 0 0.0000
210.9463 0 1 0.0000
211.1789 0 3 0.0000
211.4114 1 0 0.0000
211.6440 1 1 0.0000
211.8766 1 4 0.0000
212.1091 0 1 0.0000
212.3417 0 0 0.0000
212.5742 0 3 0.0000
212.8068 1 1 0.0000
213.0394 1 1 0.0000
213.2719 1 4 0.0000
213.5045 0 0 0.0000
213.7370 0 1 0.0000
213.9696 0 3 0.0000
214.2021 1 0 0.0000
214.4347 1 0 0.0000
214.6673 1 4 0.0000
214.8998 0 1 0.0000
215.1324 0 0 0.0000
215.3649 0 3 0.0000
215.5975 1 1 0.0000
215.8301 1 1 0.0000
216.0626 1 4 0.0000
216.2952 0 0 0.0000
216.5277 0 1 0.0000
216.7603 0 3 0.0000
216.9928 1 0 0.0000
217.2254 1 1 0.0000
217.4580 1 1 0.0000
217.6905 1 1 0.0000
217.9231 1 0 0.0000
218.1556 1 0 0.0000
218.3882 1 1 0.0000
218.6208 1 4 0.0000
218.8533 0 1 0.0000
219.0859 0 3 0.0000
219.3184 1 1 0.0000
219.5510 1 1 0.0000
219.7835 1 0 0.0000
220.0161 1 0 0.0000
220.2487 1 4 0.0000
220.4812 0 1 0.0000
220.7138 0 3 0.0000
220.9463 1 0 0.0000
221.1789 1 1 0.0000
221.4114 1 3 0.0000
221.6440 2 1 0.0000
221.8766 2 4 0.0000
222.1091 1 1 0.0000
