0.8752 1 1 0.0000
1.6647 1 0 0.0000
2.0594 1 1 0.0000
2.4542 1 1 0.0000
3.2437 1 0 0.0000
3.6384 1 3 0.0000
4.0331 2 1 0.0000
4.8226 2 0 0.0000
5.2173 2 1 0.0000
5.6121 2 1 0.0000
6.4016 2 0 0.0000
7.1910 2 1 0.0000
7.9805 2 0 0.0000
8.3752 2 1 0.0000
8.7700 2 1 0.0000
9.5594 2 0 0.0000
9.9542 2 4 0.0000
10.3489 1 1 0.0000
11.1384 1 0 0.0000
11.5331 1 1 0.0000
11.9279 1 1 0.0000
12.7173 1 0 0.0000
13.1121 1 4 0.0000
13.5068 0 1 0.0000
14.2963 0 0 0.0000
14.6910 0 1 0.0000
15.0858 0 1 0.0000
15.8752 0 0 0.0000
16.2700 0 3 0.0000
16.6647 1 1 0.0000
17.4542 1 0 0.0000
17.8489 1 1 0.0000
18.2437 1 1 0.0000
19.0331 1 0 0.0000
19.4279 1 1 0.0000
19.8226 1 1 0.0000
20.6121 1 0 0.0000
21.0068 1 1 0.0000
21.4016 1 1 0.0000
22.1910 1 0 0.0000
22.9805 1 1 0.0000
23.7700 1 0 0.0000
24.1647 1 1 0.0000
24.5594 1 1 0.0000
25.3489 1 0 0.0000
25.7437 1 4 0.0000
40.7437 1 4 0.0000
40.9410 0 0 0.0000
41.1384 0 0 0.0000
41.3358 0 0 0.0000
41.5331 0 1 0.0000
41.7305 0 0 0.0000
41.9279 0 0 0.0000
42.1252 0 1 0.0000
42.3226 0 0 0.0000
42.5200 0 0 0.0000
42.7173 0 3 0.0000
42.9147 1 1 0.0000
43.1121 1 4 0.0000
43.3094 0 0 0.0000
43.5068 0 0 0.0000
43.7042 0 3 0.0000
43.9016 1 1 0.0000
44.0989 1 0 0.0000
44.2963 1 4 0.0000
44.4937 0 1 0.0000
44.6910 0 1 0.0000
44.8884 0 3 0.0000
45.0858 1 0 0.0000
45.2831 1 4 0.0000
45.4805 0 0 0.0000
45.6779 0 0 0.0000
45.8752 0 0 0.0000
46.0726 0 3 0.0000
46.2700 1 1 0.0000
46.4673 1 4 0.0000
46.6647 0 0 0.0000
46.8621 0 3 0.0000
47.0594 1 0 0.0000
47.2568 1 0 0.0000
47.4542 1 4 0.0000
47.6516 0 1 0.0000
47.8489 0 1 0.0000
48.0463 0 3 0.0000
48.2437 1 0 0.0000
48.4410 1 1 0.0000
48.6384 1 4 0.0000
48.8358 0 0 0.0000
49.0331 0 0 0.0000
49.2305 0 3 0.0000
49.4279 1 1 0.0000
49.6252 1 0 0.0000
49.8226 1 4 0.0000
50.0200 0 1 0.0000
50.2173 0 0 0.0000
50.4147 0 3 0.0000
50.6121 1 0 0.0000
50.8094 1 1 0.0000
51.0068 1 4 0.0000
51.2042 0 0 0.0000
51.4016 0 0 0.0000
51.5989 0 0 0.0000
51.7963 0 0 0.0000
51.9937 0 0 0.0000
52.1910 0 0 0.0000
52.3884 0 0 0.0000
52.5858 0 1 0.0000
52.7831 0 0 0.0000
52.9805 0 3 0.0000
53.1779 1 1 0.0000
53.3752 1 4 0.0000
53.5726 0 0 0.0000
53.7700 0 0 0.0000
53.9673 0 3 0.0000
54.1647 1 1 0.0000
54.3621 1 0 0.0000
54.5594 1 4 0.0000
54.7568 0 1 0.0000
54.9542 0 1 0.0000
55.1516 0 0 0.0000
55.3489 0 0 0.0000
55.5463 0 1 0.0000
55.7437 0 1 0.0000
55.9410 0 0 0.0000
56.1384 0 3 0.0000
56.3358 1 1 0.0000
56.5331 1 1 0.0000
56.7305 1 0 0.0000
56.9279 1 4 0.0000
57.1252 0 1 0.0000
57.3226 0 1 0.0000
57.5200 0 3 0.0000
57.7173 1 0 0.0000
57.9147 1 4 0.0000
58.1121 0 1 0.0000
58.3094 0 0 0.0000
58.5068 0 0 0.0000
58.7042 0 1 0.0000
58.9016 0 1 0.0000
59.0989 0 0 0.0000
59.2963 0 0 0.0000
59.4937 0 1 0.0000
59.6910 0 3 0.0000
59.8884 1 0 0.0000
60.0858 1 4 0.0000
60.2831 0 1 0.0000
60.4805 0 1 0.0000
60.6779 0 3 0.0000
60.8752 1 0 0.0000
61.0726 1 4 0.0000
61.2700 0 1 0.0000
61.4673 0 0 0.0000
61.6647 0 3 0.0000
61.8621 1 1 0.0000
62.0594 1 1 0.0000
62.2568 1 4 0.0000
62.4542 0 0 0.0000
62.6516 0 1 0.0000
62.8489 0 3 0.0000
63.0463 1 0 0.0000
63.2437 1 0 0.0000
63.4410 1 4 0.0000
63.6384 0 1 0.0000
63.8358 0 3 0.0000
64.0331 1 0 0.0000
64.2305 1 4 0.0000
64.4279 0 1 0.0000
64.6252 0 0 0.0000
64.8226 0 0 0.0000
65.0200 0 1 0.0000
65.2173 0 1 0.0000
65.4147 0 0 0.0000
65.6121 0 0 0.0000
65.8094 0 0 0.0000
66.0068 0 3 0.0000
66.2042 1 0 0.0000
66.4016 1 4 0.0000
66.5989 0 0 0.0000
66.7963 0 3 0.0000
66.9937 1 0 0.0000
67.1910 1 0 0.0000
67.3884 1 4 0.0000
67.5858 0 1 0.0000
67.7831 0 0 0.0000
67.9805 0 0 0.0000
68.1779 0 0 0.0000
68.3752 0 1 0.0000
68.5726 0 0 0.0000
68.7700 0 0 0.0000
68.9673 0 0 0.0000
69.1647 0 3 0.0000
69.3621 1 0 0.0000
69.5594 1 0 0.0000
69.7568 1 4 0.0000
69.9542 0 1 0.0000
70.1516 0 0 0.0000
70.3489 0 3 0.0000
70.5463 1 0 0.0000
70.7437 1 4 0.0000
70.9410 0 0 0.0000
71.1384 0 0 0.0000
71.3358 0 0 0.0000
71.5331 0 1 0.0000
71.7305 0 0 0.0000
71.9279 0 0 0.0000
72.1252 0 1 0.0000
72.3226 0 3 0.0000
72.5200 1 0 0.0000
72.7173 1 4 0.0000
72.9147 0 1 0.0000
73.1121 0 1 0.0000
73.3094 0 0 0.0000
73.5068 0 0 0.0000
73.7042 0 1 0.0000
73.9016 0 1 0.0000
74.0989 0 3 0.0000
74.2963 1 0 0.0000
74.4937 1 1 0.0000
74.6910 1 4 0.0000
74.8884 0 0 0.0000
75.0858 0 0 0.0000
75.2831 0 3 0.0000
75.4805 1 1 0.0000
75.6779 1 0 0.0000
75.8752 1 4 0.0000
76.0726 0 1 0.0000
76.2700 0 1 0.0000
76.4673 0 3 0.0000
76.6647 1 0 0.0000
76.8621 1 1 0.0000
77.0594 1 4 0.0000
77.2568 0 0 0.0000
77.4542 0 0 0.0000
77.6516 0 3 0.0000
77.8489 1 1 0.0000
78.0463 1 4 0.0000
78.2437 0 0 0.0000
78.4410 0 1 0.0000
78.6384 0 0 0.0000
78.8358 0 0 0.0000
79.0331 0 0 0.0000
79.2305 0 0 0.0000
79.4279 0 3 0.0000
79.6252 1 0 0.0000
79.8226 1 4 0.0000
80.0200 0 0 0.0000
80.2173 1 4 0.0000
81.0068 0 0 0.0000
81.4016 0 1 0.0000
81.7963 0 1 0.0000
82.5858 0 0 0.0000
82.9805 0 1 0.0000
83.3752 0 1 0.0000
84.1647 0 0 0.0000
84.5594 0 1 0.0000
84.9542 0 1 0.0000
85.7437 0 0 0.0000
86.1384 0 1 0.0000
86.5331 0 1 0.0000
87.3226 0 0 0.0000
87.7173 0 1 0.0000
88.1121 0 1 0.0000
88.9016 0 3 0.0000
89.2963 1 1 0.0000
91.2700 1 1 0.0000
92.0594 1 0 0.0000
92.4542 1 1 0.0000
92.8489 1 1 0.0000
93.6384 1 0 0.0000
94.0331 1 3 0.0000
94.4279 2 1 0.0000
95.2173 2 0 0.0000
95.6121 2 1 0.0000
96.0068 2 1 0.0000
96.7963 2 0 0.0000
97.1910 2 4 0.0000
97.5858 1 1 0.0000
98.3752 1 0 0.0000
98.7700 1 1 0.0000
99.1647 1 1 0.0000
99.9542 1 0 0.0000
100.3489 1 1 0.0000
100.7437 1 1 0.0000
101.5331 1 0 0.0000
101.9279 1 1 0.0000
102.3226 1 1 0.0000
103.1121 1 0 0.0000
103.5068 1 1 0.0000
103.7042 1 1 0.0000
103.9016 1 3 0.0000
104.0989 2 1 0.0000
104.2963 2 1 0.0000
104.4937 2 0 0.0000
104.6910 2 0 0.0000
104.8884 2 1 0.0000
105.0858 2 4 0.0000
105.2831 1 1 0.0000
105.4805 1 3 0.0000
106.2700 2 0 0.0000
106.6647 2 1 0.0000
107.0594 2 1 0.0000
107.8489 2 0 0.0000
108.2437 2 4 0.0000
108.6384 1 1 0.0000
116.5331 1 3 0.0000
117.3226 2 0 0.0000
117.7173 2 1 0.0000
118.1121 2 1 0.0000
118.9016 2 0 0.0000
119.2963 2 4 0.0000
119.6910 1 1 0.0000
120.4805 1 0 0.0000
120.8752 1 1 0.0000
121.2700 1 1 0.0000
122.0594 1 0 0.0000
122.4542 1 1 0.0000
122.8489 1 1 0.0000
123.6384 1 0 0.0000
124.0331 1 1 0.0000
124.4279 1 1 0.0000
125.2173 1 0 0.0000
125.6121 1 3 0.0000
126.0068 2 1 0.0000
126.7963 2 0 0.0000
127.1910 2 1 0.0000
127.5858 2 1 0.0000
128.3752 2 0 0.0000
128.7700 2 1 0.0000
129.1647 2 1 0.0000
129.9542 2 4 0.0000
130.3489 1 1 0.0000
130.7437 1 3 0.0000
130.9410 2 0 0.0000
131.1384 2 4 0.0000
131.3358 1 0 0.0000
131.5331 1 4 0.0000
131.7305 0 0 0.0000
131.9279 0 0 0.0000
132.1252 0 0 0.0000
132.3226 0 1 0.0000
132.5200 0 0 0.0000
132.7173 0 0 0.0000
132.9147 0 1 0.0000
133.1121 0 1 0.0000
133.3094 0 0 0.0000
133.5068 0 3 0.0000
133.7042 1 1 0.0000
133.9016 1 4 0.0000
134.0989 0 0 0.0000
134.2963 0 0 0.0000
134.4937 0 1 0.0000
134.6910 0 1 0.0000
134.8884 0 3 0.0000
135.0858 1 0 0.0000
135.2831 1 1 0.0000
135.4805 1 4 0.0000
135.6779 0 0 0.0000
135.8752 0 0 0.0000
136.0726 0 1 0.0000
136.2700 0 1 0.0000
136.4673 0 3 0.0000
136.6647 1 0 0.0000
136.8621 1 1 0.0000
137.0594 1 4 0.0000
137.2568 0 0 0.0000
137.4542 0 0 0.0000
137.6516 0 3 0.0000
137.8489 1 1 0.0000
138.0463 1 0 0.0000
138.2437 1 4 0.0000
138.4410 0 1 0.0000
138.6384 0 1 0.0000
138.8358 0 3 0.0000
139.0331 1 0 0.0000
139.2305 1 1 0.0000
139.4279 1 4 0.0000
139.6252 0 0 0.0000
139.8226 0 0 0.0000
140.0200 0 3 0.0000
140.2173 1 1 0.0000
140.4147 1 0 0.0000
140.6121 1 4 0.0000
140.8094 0 1 0.0000
141.0068 0 1 0.0000
141.2042 0 3 0.0000
141.4016 1 0 0.0000
141.5989 1 1 0.0000
141.7963 1 4 0.0000
141.9937 0 0 0.0000
142.1910 0 0 0.0000
142.3884 0 1 0.0000
142.5858 0 1 0.0000
142.7831 0 0 0.0000
142.9805 0 0 0.0000
143.1779 0 1 0.0000
143.3752 0 1 0.0000
143.5726 0 3 0.0000
143.7700 1 0 0.0000
143.9673 1 1 0.0000
144.1647 1 4 0.0000
144.3621 0 0 0.0000
144.5594 0 3 0.0000
144.7568 1 1 0.0000
144.9542 1 4 0.0000
145.1516 0 0 0.0000
145.3489 0 0 0.0000
145.5463 0 3 0.0000
145.7437 1 1 0.0000
145.9410 1 0 0.0000
146.1384 1 0 0.0000
146.3358 1 1 0.0000
146.5331 1 1 0.0000
146.7305 1 0 0.0000
146.9279 1 4 0.0000
147.1252 0 1 0.0000
147.3226 0 1 0.0000
147.5200 0 0 0.0000
147.7173 0 0 0.0000
147.9147 0 1 0.0000
148.1121 0 1 0.0000
148.3094 0 0 0.0000
148.5068 0 3 0.0000
148.7042 1 1 0.0000
148.9016 1 4 0.0000
149.0989 0 0 0.0000
149.2963 0 3 0.0000
149.4937 1 1 0.0000
149.6910 1 1 0.0000
149.8884 1 0 0.0000
150.0858 1 0 0.0000
150.2831 1 1 0.0000
150.4805 1 1 0.0000
150.6779 1 4 0.0000
150.8752 0 0 0.0000
151.0726 0 1 0.0000
151.2700 0 3 0.0000
151.4673 1 0 0.0000
151.6647 1 0 0.0000
151.8621 1 1 0.0000
152.0594 1 1 0.0000
152.2568 1 4 0.0000
152.4542 0 0 0.0000
152.6516 0 3 0.0000
152.8489 1 1 0.0000
153.0463 1 4 0.0000
153.2437 0 0 0.0000
153.4410 0 3 0.0000
153.6384 1 1 0.0000
153.8358 1 4 0.0000
154.0331 0 0 0.0000
154.2305 0 1 0.0000
154.4279 0 3 0.0000
154.6252 1 0 0.0000
154.8226 1 4 0.0000
155.0200 0 1 0.0000
155.2173 0 1 0.0000
155.4147 0 0 0.0000
155.6121 0 3 0.0000
155.8094 1 1 0.0000
156.0068 1 1 0.0000
156.2042 1 4 0.0000
156.4016 0 0 0.0000
156.5989 0 0 0.0000
156.7963 0 3 0.0000
156.9937 1 0 0.0000
157.1910 1 0 0.0000
157.3884 1 4 0.0000
157.5858 0 1 0.0000
157.7831 0 0 0.0000
157.9805 0 3 0.0000
158.1779 1 1 0.0000
158.3752 1 1 0.0000
158.5726 1 4 0.0000
158.7700 0 0 0.0000
158.9673 0 1 0.0000
159.1647 0 3 0.0000
159.3621 1 0 0.0000
159.5594 1 1 0.0000
159.7568 1 4 0.0000
159.9542 0 1 0.0000
160.1516 0 0 0.0000
160.3489 0 0 0.0000
160.5463 0 1 0.0000
160.7437 0 1 0.0000
160.9410 0 0 0.0000
161.1384 0 0 0.0000
161.3358 0 3 0.0000
161.5331 1 1 0.0000
161.7305 1 0 0.0000
161.9279 1 0 0.0000
162.1252 1 1 0.0000
162.3226 1 4 0.0000
162.5200 0 0 0.0000
162.7173 0 3 0.0000
162.9147 1 1 0.0000
163.1121 1 1 0.0000
163.3094 1 0 0.0000
163.5068 1 4 0.0000
163.7042 0 1 0.0000
163.9016 0 1 0.0000
164.0989 0 3 0.0000
164.2963 1 0 0.0000
164.4937 1 1 0.0000
164.6910 1 1 0.0000
164.8884 1 0 0.0000
165.0858 1 4 0.0000
165.2831 0 1 0.0000
165.4805 0 1 0.0000
165.6779 0 3 0.0000
165.8752 1 0 0.0000
166.0726 1 1 0.0000
166.2700 1 1 0.0000
166.4673 1 0 0.0000
166.6647 1 4 0.0000
166.8621 0 1 0.0000
167.0594 0 1 0.0000
167.2568 0 3 0.0000
167.4542 1 0 0.0000
167.6516 1 4 0.0000
167.8489 0 1 0.0000
168.0463 0 0 0.0000
168.2437 0 0 0.0000
168.4410 0 3 0.0000
168.6384 1 1 0.0000
168.8358 1 0 0.0000
169.0331 1 4 0.0000
169.2305 0 1 0.0000
169.4279 1 1 0.0000
170.2173 1 0 0.0000
170.6121 1 1 0.0000
171.0068 1 1 0.0000
171.7963 1 0 0.0000
172.1910 1 3 0.0000
172.5858 2 1 0.0000
173.3752 2 0 0.0000
173.7700 2 1 0.0000
174.1647 2 1 0.0000
174.9542 2 4 0.0000
175.3489 1 1 0.0000
