4.8516 1 3 0.0000
5.7818 2 0 0.0000
6.2469 2 1 0.0000
6.7121 2 1 0.0000
7.6423 2 0 0.0000
8.1074 2 1 0.0000
8.5725 2 1 0.0000
9.5028 2 0 0.0000
9.9679 2 1 0.0000
10.4330 2 1 0.0000
11.3632 2 0 0.0000
11.8283 2 1 0.0000
12.2934 2 1 0.0000
13.2237 2 0 0.0000
13.6888 2 1 0.0000
14.1539 2 1 0.0000
15.0841 2 0 0.0000
15.5493 2 4 0.0000
16.0144 1 1 0.0000
16.9446 1 0 0.0000
17.4097 1 1 0.0000
17.8748 1 1 0.0000
18.8051 1 0 0.0000
19.2702 1 3 0.0000
19.7353 2 1 0.0000
20.6655 2 0 0.0000
21.1307 2 1 0.0000
21.5958 2 1 0.0000
22.5260 2 0 0.0000
22.9911 2 1 0.0000
23.4562 2 1 0.0000
24.3865 2 0 0.0000
24.8516 2 1 0.0000
25.3167 2 1 0.0000
26.2469 2 0 0.0000
26.7121 2 1 0.0000
27.1772 2 1 0.0000
28.1074 2 0 0.0000
28.5725 2 1 0.0000
29.0376 2 1 0.0000
29.9679 2 0 0.0000
30.4330 2 4 0.0000
30.8981 1 1 0.0000
31.8283 1 0 0.0000
32.2934 1 1 0.0000
32.7586 1 1 0.0000
33.6888 1 0 0.0000
34.1539 1 3 0.0000
34.6190 2 1 0.0000
35.5493 2 0 0.0000
36.0144 2 1 0.0000
36.4795 2 1 0.0000
37.4097 2 0 0.0000
37.8748 2 2 0.4651
39.2702 2 0 0.0000
39.7353 2 1 0.0000
40.2004 2 1 0.0000
41.1307 2 0 0.0000
41.5958 2 4 0.0000
42.0609 1 1 0.0000
42.9911 1 0 0.0000
43.4562 1 3 0.0000
43.9214 2 1 0.0000
44.1539 2 1 0.0000
44.3865 2 1 0.0000
44.8516 2 1 0.0000
45.0841 2 1 0.0000
45.3167 2 1 0.0000
45.7818 2 1 0.0000
46.2469 2 1 0.0000
46.4795 2 1 0.0000
46.7121 2 2 0.4651
47.6423 2 1 0.0000
47.8748 2 1 0.0000
48.1074 2 1 0.0000
48.3400 2 1 0.0000
48.5725 2 4 0.0000
48.8051 1 1 0.0000
49.0376 1 1 0.0000
49.2702 1 1 0.0000
49.5028 1 3 0.0000
49.9679 2 1 0.0000
50.2004 2 0 0.0000
50.4330 1 3 0.0000
50.6655 2 0 0.0000
50.8981 2 4 0.0000
51.1307 1 1 0.0000
51.3632 1 1 0.0000
51.5958 1 4 0.0000
51.8283 0 0 0.0000
52.0609 0 0 0.0000
52.2934 0 3 0.0000
52.5260 1 0 0.0000
52.7586 1 0 0.0000
52.9911 1 4 0.0000
53.2237 0 1 0.0000
53.4562 0 0 0.0000
53.6888 0 3 0.0000
53.9214 1 0 0.0000
54.1539 1 1 0.0000
54.3865 1 4 0.0000
54.6190 0 0 0.0000
54.8516 0 0 0.0000
55.0841 0 3 0.0000
55.3167 1 0 0.0000
55.5493 1 0 0.0000
55.7818 1 4 0.0000
56.0144 0 1 0.0000
56.2469 0 0 0.0000
56.4795 0 3 0.0000
56.7121 1 0 0.0000
56.9446 1 1 0.0000
57.1772 1 4 0.0000
57.4097 0 0 0.0000
57.6423 0 1 0.0000
57.8748 0 3 0.0000
58.1074 1 0 0.0000
58.3400 1 0 0.0000
58.5725 1 4 0.0000
58.8051 0 1 0.0000
59.0376 0 0 0.0000
59.2702 0 3 0.0000
59.5028 1 0 0.0000
59.7353 1 1 0.0000
59.9679 1 4 0.0000
60.2004 0 0 0.0000
60.4330 0 1 0.0000
60.6655 0 3 0.0000
60.8981 1 0 0.0000
61.1307 1 0 0.0000
61.3632 1 4 0.0000
61.5958 0 1 0.0000
61.8283 0 0 0.0000
62.0609 0 3 0.0000
62.2934 1 1 0.0000
62.5260 1 4 0.0000
62.7586 0 0 0.0000
62.9911 0 3 0.0000
63.2237 1 1 0.0000
63.4562 1 3 0.0000
63.6888 2 1 0.0000
63.9214 2 1 0.0000
64.1539 2 1 0.0000
64.3865 2 1 0.0000
64.6190 2 4 0.0000
64.8516 1 1 0.0000
65.0841 1 4 0.0000
65.3167 0 1 0.0000
65.5493 0 0 0.0000
65.7818 0 3 0.0000
66.0144 1 1 0.0000
66.2469 1 4 0.0000
66.4795 0 0 0.0000
66.7121 0 3 0.0000
66.9446 1 1 0.0000
67.1772 1 4 0.0000
67.4097 0 0 0.0000
67.6423 0 0 0.0000
67.8748 0 1 0.0000
68.1074 0 1 0.0000
68.3400 0 0 0.0000
68.5725 0 3 0.0000
68.8051 1 1 0.0000
69.0376 1 1 0.0000
69.2702 1 4 0.0000
69.5028 0 0 0.0000
69.7353 0 3 0.0000
69.9679 1 1 0.0000
70.2004 1 0 0.0000
70.4330 1 0 0.0000
70.6655 1 4 0.0000
70.8981 0 1 0.0000
71.1307 0 3 0.0000
71.3632 1 0 0.0000
71.5958 1 1 0.0000
71.8283 1 4 0.0000
72.0609 0 0 0.0000
72.2934 0 3 0.0000
72.5260 1 1 0.0000
72.7586 1 4 0.0000
72.9911 0 1 0.0000
73.2237 0 3 0.0000
73.4562 1 1 0.0000
73.6888 1 4 0.0000
73.9214 0 0 0.0000
74.1539 0 3 0.0000
74.3865 1 1 0.0000
74.6190 1 4 0.0000
74.8516 0 1 0.0000
75.0841 0 0 0.0000
75.3167 0 3 0.0000
75.5493 1 1 0.0000
75.7818 1 3 0.0000
76.0144 2 0 0.0000
76.2469 2 4 0.0000
76.4795 1 1 0.0000
76.7121 1 1 0.0000
76.9446 1 0 0.0000
77.1772 1 1 0.0000
77.4097 1 1 0.0000
77.6423 1 0 0.0000
77.8748 1 0 0.0000
78.1074 1 1 0.0000
78.3400 1 4 0.0000
78.5725 0 0 0.0000
78.8051 0 3 0.0000
79.0376 1 1 0.0000
79.2702 1 1 0.0000
79.5028 1 0 0.0000
79.7353 1 0 0.0000
79.9679 1 1 0.0000
80.2004 1 4 0.0000
80.4330 0 0 0.0000
80.6655 0 0 0.0000
80.8981 0 3 0.0000
81.1307 1 0 0.0000
81.3632 1 0 0.0000
81.5958 1 4 0.0000
81.8283 0 1 0.0000
82.0609 0 0 0.0000
82.2934 0 3 0.0000
82.5260 1 0 0.0000
82.7586 1 1 0.0000
82.9911 1 4 0.0000
83.2237 0 1 0.0000
83.4562 0 0 0.0000
83.6888 0 3 0.0000
83.9214 1 1 0.0000
84.1539 1 1 0.0000
84.3865 1 4 0.0000
84.6190 0 1 0.0000
84.8516 0 1 0.0000
85.0841 0 3 0.0000
85.3167 1 0 0.0000
85.5493 1 1 0.0000
85.7818 1 4 0.0000
86.0144 0 0 0.0000
86.2469 0 0 0.0000
86.4795 0 3 0.0000
86.7121 1 1 0.0000
86.9446 1 0 0.0000
87.1772 1 4 0.0000
87.4097 0 1 0.0000
87.6423 0 3 0.0000
87.8748 1 1 0.0000
88.1074 1 0 0.0000
88.3400 1 1 0.0000
88.5725 1 1 0.0000
88.8051 1 0 0.0000
89.0376 1 0 0.0000
89.2702 1 1 0.0000
89.5028 1 3 0.0000
89.7353 2 1 0.0000
89.9679 2 4 0.0000
90.2004 1 1 0.0000
90.4330 1 3 0.0000
91.3632 2 0 0.0000
91.8283 2 1 0.0000
92.2934 2 1 0.0000
93.2237 2 0 0.0000
93.6888 2 1 0.0000
94.1539 2 1 0.0000
94.6190 2 4 0.0000
95.0841 1 0 0.0000
120.6655 1 3 0.0000
121.5958 2 0 0.0000
122.0609 2 1 0.0000
122.5260 2 1 0.0000
123.4562 2 0 0.0000
123.9214 2 1 0.0000
124.3865 2 1 0.0000
125.3167 2 0 0.0000
125.7818 2 1 0.0000
126.2469 2 1 0.0000
127.1772 2 0 0.0000
127.6423 2 4 0.0000
128.1074 1 1 0.0000
129.0376 1 0 0.0000
129.5028 1 1 0.0000
129.9679 1 1 0.0000
130.8981 1 0 0.0000
131.3632 1 1 0.0000
131.8283 1 1 0.0000
132.7586 1 0 0.0000
133.2237 1 1 0.0000
133.6888 1 1 0.0000
134.6190 1 0 0.0000
135.0841 1 3 0.0000
135.5493 2 1 0.0000
136.4795 2 0 0.0000
136.9446 2 1 0.0000
137.4097 2 1 0.0000
138.3400 2 0 0.0000
138.8051 2 1 0.0000
139.2702 2 1 0.0000
140.2004 2 0 0.0000
140.6655 2 1 0.0000
141.1307 2 1 0.0000
142.0609 2 0 0.0000
142.5260 2 1 0.0000
142.9911 2 1 0.0000
143.9214 2 0 0.0000
144.3865 2 1 0.0000
144.8516 2 1 0.0000
145.7818 2 0 0.0000
146.2469 2 4 0.0000
146.7121 1 1 0.0000
147.6423 1 0 0.0000
148.1074 1 1 0.0000
148.5725 1 1 0.0000
149.5028 1 0 0.0000
149.9679 1 3 0.0000
150.4330 2 1 0.0000
153.2237 1 3 0.0000
154.1539 2 0 0.0000
154.6190 2 1 0.0000
155.0841 2 1 0.0000
156.0144 2 0 0.0000
156.4795 2 4 0.0000
156.9446 1 1 0.0000
157.8748 1 0 0.0000
158.3400 1 1 0.0000
158.8051 1 1 0.0000
159.7353 1 0 0.0000
160.2004 1 3 0.0000
160.6655 2 1 0.0000
161.5958 2 0 0.0000
162.0609 2 1 0.0000
162.5260 2 1 0.0000
163.4562 2 0 0.0000
164.3865 2 1 0.0000
165.3167 2 0 0.0000
165.7818 2 1 0.0000
166.2469 2 1 0.0000
167.1772 2 0 0.0000
167.6423 2 4 0.0000
168.1074 1 1 0.0000
169.0376 1 0 0.0000
169.5028 1 1 0.0000
169.9679 1 1 0.0000
170.8981 1 0 0.0000
171.3632 1 3 0.0000
171.8283 2 1 0.0000
172.7586 2 0 0.0000
173.2237 2 1 0.0000
173.6888 2 1 0.0000
174.6190 2 0 0.0000
175.0841 2 1 0.0000
175.5493 2 1 0.0000
176.4795 2 0 0.0000
176.9446 2 4 0.0000
177.4097 1 1 0.0000
177.8748 1 1 0.0000
178.1074 1 0 0.0000
178.3400 1 1 0.0000
178.5725 1 1 0.0000
178.8051 1 1 0.0000
179.0376 1 1 0.0000
179.2702 1 3 0.0000
179.5028 2 1 0.0000
179.7353 2 1 0.0000
179.9679 2 1 0.0000
180.2004 2 1 0.0000
180.4330 2 1 0.0000
180.6655 2 4 0.0000
180.8981 1 1 0.0000
181.1307 1 1 0.0000
181.3632 1 1 0.0000
181.5958 1 1 0.0000
181.8283 1 1 0.0000
182.0609 1 3 0.0000
182.2934 2 1 0.0000
182.5260 2 1 0.0000
182.7586 2 1 0.0000
182.9911 2 1 0.0000
183.2237 2 1 0.0000
183.4562 2 1 0.0000
183.6888 2 1 0.0000
183.9214 2 1 0.0000
184.1539 2 1 0.0000
184.3865 2 1 0.0000
184.6190 2 1 0.0000
184.8516 2 1 0.0000
185.0841 2 1 0.0000
185.3167 2 1 0.0000
185.7818 2 1 0.0000
186.0144 2 1 0.0000
186.2469 2 4 0.0000
186.4795 1 1 0.0000
186.7121 1 1 0.0000
186.9446 1 0 0.0000
187.1772 1 3 0.0000
187.4097 2 0 0.0000
187.6423 2 4 0.0000
187.8748 1 1 0.0000
188.1074 1 4 0.0000
188.3400 0 0 0.0000
188.5725 0 3 0.0000
188.8051 1 1 0.0000
189.0376 1 1 0.0000
189.2702 1 4 0.0000
189.5028 0 0 0.0000
189.7353 0 3 0.0000
189.9679 1 1 0.0000
190.2004 1 0 0.0000
190.4330 1 0 0.0000
190.6655 1 1 0.0000
190.8981 1 1 0.0000
191.1307 1 4 0.0000
191.3632 0 0 0.0000
191.5958 0 3 0.0000
191.8283 1 1 0.0000
192.0609 1 1 0.0000
192.2934 1 0 0.0000
192.5260 1 1 0.0000
192.7586 1 4 0.0000
192.9911 0 1 0.0000
193.2237 0 3 0.0000
193.4562 1 1 0.0000
193.6888 1 4 0.0000
193.9214 0 0 0.0000
194.1539 0 0 0.0000
194.3865 0 3 0.0000
194.6190 1 1 0.0000
194.8516 1 0 0.0000
195.0841 1 4 0.0000
195.3167 0 1 0.0000
195.5493 0 1 0.0000
195.7818 0 3 0.0000
196.0144 1 0 0.0000
196.2469 1 1 0.0000
196.4795 1 1 0.0000
196.7121 1 1 0.0000
196.9446 1 0 0.0000
197.1772 1 1 0.0000
197.4097 1 1 0.0000
197.6423 1 0 0.0000
197.8748 1 3 0.0000
198.1074 2 1 0.0000
198.3400 2 1 0.0000
198.5725 2 1 0.0000
198.8051 2 1 0.0000
199.2702 2 1 0.0000
199.5028 2 1 0.0000
199.7353 2 4 0.0000
199.9679 1 1 0.0000
200.2004 1 4 0.0000
200.4330 0 0 0.0000
200.6655 0 0 0.0000
200.8981 0 3 0.0000
201.1307 1 0 0.0000
201.3632 1 0 0.0000
201.5958 1 4 0.0000
201.8283 0 1 0.0000
202.0609 0 0 0.0000
202.2934 0 3 0.0000
202.5260 1 0 0.0000
202.7586 1 1 0.0000
202.9911 1 4 0.0000
203.2237 0 1 0.0000
203.4562 0 0 0.0000
203.6888 0 3 0.0000
203.9214 1 1 0.0000
204.1539 1 1 0.0000
204.3865 1 4 0.0000
204.6190 0 1 0.0000
204.8516 0 1 0.0000
205.0841 0 3 0.0000
205.3167 1 0 0.0000
205.5493 1 1 0.0000
205.7818 1 4 0.0000
206.0144 0 0 0.0000
206.2469 0 0 0.0000
206.4795 0 3 0.0000
206.7121 1 1 0.0000
206.9446 1 0 0.0000
207.1772 1 4 0.0000
207.4097 0 1 0.0000
207.6423 0 1 0.0000
207.8748 0 3 0.0000
208.1074 1 0 0.0000
208.3400 1 1 0.0000
208.5725 1 4 0.0000
208.8051 0 0 0.0000
209.0376 0 0 0.0000
209.2702 0 3 0.0000
209.5028 1 1 0.0000
209.7353 1 0 0.0000
209.9679 1 4 0.0000
210.2004 0 1 0.0000
210.4330 0 1 0.0000
210.6655 0 3 0.0000
210.8981 1 0 0.0000
211.1307 1 1 0.0000
211.3632 1 3 0.0000
211.5958 2 0 0.0000
211.8283 2 4 0.0000
212.0609 1 1 0.0000
212.2934 1 1 0.0000
212.5260 1 3 0.0000
212.7586 2 1 0.0000
212.9911 2 1 0.0000
213.2237 1 3 0.0000
213.4562 2 1 0.0000
213.6888 2 1 0.0000
213.9214 2 1 0.0000
214.1539 2 1 0.0000
214.3865 2 1 0.0000
214.6190 2 4 0.0000
214.8516 1 1 0.0000
215.0841 1 4 0.0000
215.3167 0 0 0.0000
215.5493 0 0 0.0000
215.7818 0 3 0.0000
216.0144 1 1 0.0000
216.2469 1 0 0.0000
216.4795 1 4 0.0000
216.7121 0 1 0.0000
216.9446 0 1 0.0000
217.1772 0 3 0.0000
217.4097 1 0 0.0000
217.6423 1 1 0.0000
217.8748 1 4 0.0000
218.1074 0 0 0.0000
218.3400 0 0 0.0000
218.5725 0 1 0.0000
218.8051 0 1 0.0000
219.0376 0 3 0.0000
219.2702 1 0 0.0000
219.5028 1 1 0.0000
219.7353 1 4 0.0000
219.9679 0 0 0.0000
220.2004 0 0 0.0000
220.4330 0 1 0.0000
220.6655 0 1 0.0000
220.8981 0 0 0.0000
221.1307 0 0 0.0000
221.3632 0 3 0.0000
221.5958 1 1 0.0000
221.8283 1 0 0.0000
222.0609 1 4 0.0000
222.2934 0 1 0.0000
222.5260 0 3 0.0000
222.7586 1 0 0.0000
222.9911 1 0 0.0000
223.2237 1 1 0.0000
223.4562 1 1 0.0000
223.6888 1 0 0.0000
223.9214 1 0 0.0000
224.1539 1 1 0.0000
224.3865 1 3 0.0000
224.6190 2 1 0.0000
224.8516 2 4 0.0000
225.0841 1 1 0.0000
225.3167 1 3 0.0000
226.2469 2 0 0.0000
226.7121 2 1 0.0000
227.1772 2 1 0.0000
228.1074 2 0 0.0000
228.5725 2 4 0.0000
229.0376 1 1 0.0000
229.5028 1 3 0.0000
229.7353 2 1 0.0000
229.9679 2 1 0.0000
230.4330 2 1 0.0000
230.6655 2 0 0.0000
230.8981 2 1 0.0000
231.1307 2 0 0.0000
231.3632 2 1 0.0000
231.5958 2 0 0.0000
231.8283 2 1 0.0000
232.0609 2 0 0.0000
232.2934 2 1 0.0000
232.5260 2 0 0.0000
232.7586 2 2 0.4651
233.6888 2 1 0.0000
234.1539 2 1 0.0000
234.6190 2 4 0.0000
234.8516 1 0 0.0000
235.0841 1 1 0.0000
235.3167 1 0 0.0000
235.5493 1 1 0.0000
235.7818 1 0 0.0000
236.0144 1 3 0.0000
236.2469 2 0 0.0000
236.4795 2 1 0.0000
236.7121 2 0 0.0000
236.9446 2 1 0.0000
237.1772 2 0 0.0000
237.4097 2 1 0.0000
237.6423 2 1 0.0000
237.8748 2 1 0.0000
238.1074 2 0 0.0000
238.3400 2 1 0.0000
238.5725 2 0 0.0000
238.8051 2 1 0.0000
239.0376 2 0 0.0000
239.2702 2 4 0.0000
239.5028 1 0 0.0000
239.7353 1 1 0.0000
239.9679 1 0 0.0000
240.2004 1 0 0.0000
240.4330 1 0 0.0000
240.6655 1 1 0.0000
240.8981 1 0 0.0000
241.1307 1 0 0.0000
241.3632 1 1 0.0000
241.5958 1 1 0.0000
241.8283 1 0 0.0000
242.0609 1 0 0.0000
242.2934 1 0 0.0000
242.5260 1 4 0.0000
242.7586 0 0 0.0000
242.9911 0 0 0.0000
243.2237 0 0 0.0000
243.4562 0 1 0.0000
243.6888 0 0 0.0000
243.9214 0 2 0.4651
244.8516 0 0 0.0000
245.0841 0 1 0.0000
245.3167 0 1 0.0000
245.5493 0 0 0.0000
245.7818 0 0 0.0000
246.0144 0 0 0.0000
246.2469 0 1 0.0000
246.4795 0 0 0.0000
246.7121 0 0 0.0000
246.9446 0 0 0.0000
247.1772 0 1 0.0000
247.4097 0 0 0.0000
247.6423 0 3 0.0000
247.8748 1 0 0.0000
248.1074 1 1 0.0000
248.3400 1 0 0.0000
248.5725 1 0 0.0000
248.8051 1 1 0.0000
249.0376 1 4 0.0000
249.2702 0 0 0.0000
249.5028 0 0 0.0000
249.7353 0 1 0.0000
249.9679 0 1 0.0000
250.2004 0 1 0.0000
250.4330 0 0 0.0000
250.6655 0 1 0.0000
250.8981 0 1 0.0000
251.1307 0 0 0.0000
251.3632 0 3 0.0000
251.5958 1 1 0.0000
251.8283 1 1 0.0000
252.0609 1 1 0.0000
252.2934 1 4 0.0000
253.2237 0 0 0.0000
253.6888 0 1 0.0000
254.1539 0 1 0.0000
255.0841 0 0 0.0000
255.5493 0 2 0.4651
256.9446 0 0 0.0000
257.4097 0 1 0.0000
257.8748 0 1 0.0000
258.8051 0 3 0.0000
